name
Twitch
Twitch
Amazon
Twitch
Amazon
Amazon
Twitch
Twitch
Twitch
Twitch
Twitch
Twitch
Amazon
Twitch
Twitch
Amazon
Twitch
Amazon
Twitch
Twitch
Twitch
Twitch
Twitch
Twitch
Amazon
Twitch
Amazon
Amazon
Twitch
Twitch
Twitch
Twitch
Twitch
Twitch
Twitch
Twitch
Twitch
Amazon
Twitch
Twitch
Amazon Prime Video
Twitch
Twitch
Amazon
Twitch
Twitch
Twitch
Twitch
Twitch
Twitch
