name
Terminal moraine
Terminal Moraine
Terminal Moraine
Terminal Moraine
Terminal Moraine
Terminal moraine
Terminal Moraine
Terminal Moraine
Terminal Moraine
Terminal moraine
Terminal Moraine
Terminal Moraine
Terminal Moraine
Terminal Moraine
Terminal Moraine
Terminal Moraine
Terminal Moraine
Terminal Moraine
Terminal Moraine
Terminal Moraine
Terminal Moraine
Terminal Moraine
Terminal Moraine
Terminal Moraine
Terminal Moraine
Terminal Moraine
Terminal Moraine
Terminal Moraine
Terminal Moraine
Terminal Moraine
Terminal Moraine
Terminal Moraine
Terminal Moraine
Terminal Moraine
Esker
Terminal Moraine
Terminal Moraine
 terminal moraine
Terminal Moraine
Terminal Moraine
Terminal Moraine
Terminal Moraine
Terminal Moraine
Terminal Moraine
Terminal Moraine
Terminal Moraine
Terminal Moraine
Terminal Moraine
Terminal Moraine
Terminal Moraine
